0000000000000000000000000000000000000000
0000000000000000000000000000000000000000
0000000000000000000000000000000000000000
0000000000000000000000000000000000000000
0000000000000000000000000000000000000000
0000000000000000000000000000000000000000
0000000000000000000000000000000000000000
0000000002222200000000000000000000000000
0000000020000220000000000000000000000000
0000000220000202000000000000000000000000
0000000200002002000000000000000000000000
0000002000002002000000000000000000000000
0000002000002002000000000000000000000000
0000002200002020000000000000000000000000
0000000200002022000000000000000000000000
0000000020002000222222000000000000000000
0000000002222000000000000000000000000000
0000000000000000000000000000000000000000
0000000000000000000000000000000000000000
0000000000000000000000000000000000000000
0000000000000000000000000000000000000000
0000000000000000000000000000000000000000
0000000000000000000000000000000000000000
0000000000000000000000000000000000000000
